000000000000000000000000000000000000000000000000000000000000000000000000000000000000000000000000000000000000000000000000000000000000000000000000000000

000000000000000000000000000000000000000000000000000000000000000000000000000000000000000000000000000000000000000000000000000000000000000000000000000000

000000000000000000000000000000000000000000000000000000000000000000000000000000000000000000000000000000000000000000000000000000000000000000000000000000

000000000000000000000000000000000000000000000000000000000000000000000000000000000000000000000000000000000000000000000000000000000000000000000000000000

000000000000000000000000000000000000000000000000000000000000000000000000000000000000000000000000000000000000000000000000000000000000000000000000000000

000000000000000000000000000000000000000000000000000000000000000000000000000000000000000000000000000000000000000000000000000000000000000000000000000000

000000000000000000000000000000000000000000000000000000000000000000000000000000000000000000000000000000000000000000000000000000000000000000000000000000

000000000000000000000000000000000000000000000000000000000000000000000000000000000000000000000000000000000000000000000000000000000000000000000000000000

000000000000000000000000000000000000000000000000000000000000000000000000000000000000000000000000000000000000000000000000000000000000000000000000000000

000000000000000000000000000000000000000000000000000000000000000000000000000000000000000000000000000000000000000000000000000000000000000000000000000000

000000000000000000000000000000000000000000000000000000000000000000000000000000000000000000000000000000000000000000000000000000000000000000000000000000

000000000000000000000000000000000000000000000000000000000000000000000000000000000000000000000000000000000000000000000000000000000000000000000000000000

000000000000000000000000000000000000000000000000000000000000000000000010000000000000000000000000000000000000000000000000000000000000000000000000000000

000000000000000000000000000000000000000000000000000100000000000000000000100000000010000000000000000000000000000000000000000000000000000000000000000000

000000000000000000000000000000000000000000000000001003030030300030301300010000330000100000000000000000000000000000000000000000000000000000000000000000

000000000000000000000000000000000000000001000000000030303133000000000000000000000003000003000000000000000000000000000000000000000000000000000000000000

000000000000000000000000000000000000000000000000000131303000000031033030003030000000300000000100000000000000000000000000000000000000000000000000000000

000000000000000000000000000000000000000033101030303011000000000030100030300303000030000000000000000100000000000000000000000000000000000000000000000000

000000000000000000000000000000000000030000003003030301000000031303031001000030333000003003030000000000000000000000000000000000000000000000000000000000

000000000000000000000000000000000000000000030303030001300000000000010000000000000000000030000001000000001000000000000000000000000000000000000000000000

000000000000000000000000000000000001000000000030031000300000000300000300000001000000000030000000030000000100000000000000000000000000000000000000000000

000000000000000000000000000000000000000003003000000033000000000003003030000001000033000100000000333000000000000000000000000000000000000000000000000000

000000000000000000000000000000000010103003133001100000000000000030003030000000000000000000010100300001000000100000000000000000000000000000000000000000

000000000000000000000000000000000030300000000030000000000000001000000300001000000000003003000000000000000101000000000000000000000000000000000000000000

000000000000000000000000000000000000000130300003300100000000000001000000100000000000000000100000000000001000000000001000000000000000000000000000000000

000000000000000000000000000000311000003003300000030000300300001000000000000101000000000130000000000000000000000000100100000000000000000000000000000000

000000000000000000000000000100000000303303030000000000033030000000000300030303000000000030000000000000000000010000000000000000000000000000000000000000

000000000000000000000000000100303000000030330000000000000003000000100000103000000030000300100000000000000000001000100000010000000000000000000000000000

000000000000000000000000000000000310000000000000001000000030003000000330000000000000000000000000000000000000000001000100000000000000000000000000000000

000000000000000000000000000000010100030033300000030300303000030300100003101030033000003030000000000000000000000000000030000000000000000000000000000000

000000000000000000000000000000010000000000000000300030030003000003000000000030000330300000100000000000000000000000000000000000000000000000000000000000

000000000000000000000000000030030300000100001000001003003300000000000000000000000100300000000000000000000000000000001010000000000000000000000000000000

000000000000000000000000000010031300010000000001003000000000000000030000000300000300300001000000000000000000000000000000300010000000000000000000000000

000000000000000000000000101000000300000010100000010003000010000000003300003300003031303300000000000000010000000001000001010000000000000000000000000000

000000000000000000000000100030330001000010000000030000010000000100001000000010330000300000000000000000000000001000000001010000000000000000000000000000

000000000000000000000000000000000001000000010003000010010000100100101003330000003030000000000000000000000000010000000000010000000000000000000000000000

000000000000000000000001000010000100010000010000010010030000100000001010001000310100000000000000000000000000000000000000000000000000000000000000000000

000000000000000000000000000010000100001001010000030000101000000000001010000000003000000000000000000000000030000000000000010000000000000000000000000000

000000000000000000000000001010100300100000000000033000003000030000101010003030030300000000000000000000000000000000000000000000000000000000000000000000

000000000000000000000000000000101010100103100000100000330000000100101010000000030000000000000000000000000000000000000010000100000000000000000000000000

000000000000000000000000010000001000100100000000100000100001000100100030100000000000000000000000000000000003000000000000000100000000000000000000000000

000000000000000000000000000101001000100100330000000100300000000000000000030000000101000000000000000000000000010000000000000000000000000000000000000000

000000000000000000000000000000101010100000001000300001000000000000003030001000000000000000000000000000301010000000000000000010000000000000000000000000

000000000000000000000000010010101010000001000010000000000030300000030000000000000000000000000000000000030000000000010000100100001000000000000000000000

000000000000000000000000010000101010000001010010000000300000000000300000000003100000000000000000000000000000000000000000000101001000000000000000000000

000000000000000000000000000000100000000303000000300010001000030303000300100000000000000000000001000000000000100000000010000001001000000000000000000000

000000000000000000000001000000000330101030000003000003000000000000000000000000000000000000000000000000000000000000000100000000001000000000000000000000

000000000000000000000000000310010100001031000000330000100000000300000000000000003000000000000000000000000010100000000100100000001000000000000000000000

000000000000000000000000103000010101003030303000303000000000000000100000101000001000000000000000000000000000010000000101001000101000000000000000000000

000000000000000000000000000000000000000000030000000000010100000003000000000000001000000000010000000000000100000000000000001000001000000000000000000000

000000000000000000000000000001003300330303003000003000000000000000100000000000001000100000001000000000000000000001000000001000001000000000000000000000

000000000000000000000000000101001030300030000100000300000301000000000000010000000000000000000000000000010000000000000101001000100000000000000000000000

000000000000000000000000000003000030000000030300003000000000000000030033000000000000000000000000000001000000000000000003000000100000000000000000000000

000000000000000000000000000000100030030300103000000000000301000000030000000000000000100001000000010100000000003000100010103000001000000000000000000000

000000000000000000000000000030300030000010003300000001000000003100000000000000000001000000000000000010001000300101000000000030000000000000000000000000

000000000000000000000000003000000000000000030010003000000300100000000000000000100000000000010000000000000000000300000000300000000000000000000000000000

000000000000000000000000000000030001000000003000000300003000000000000000000000000000000000000000310100001000003030000001000000000000000000000000000000

000000000000000000000000000000000100000000030000000000030030300000100000003000000100000000000000000010000000030003000100000000000000000000000000000000

000000000000000000000000000000000000003001303030000330003003303000000000000000000001000000000000000000000000103000300000000000000000000000000000000000

000000000000000000000000000000000000000030000303300003033003000033000000000010030000000000000100001000001000100000000000000000000000000000000000000000

000000000000000000000000000000000000000000300333000300030030303030000000000000000000000000100000000000000000000000000000000000000000000000000000000000

000000000000000000000000000000000000000000300000300300000013300003300000100000000000000000000000000000000001000010000000000000000000000000000000000000

000000000000000000000000000000000000010003000000030300330100000000033001000300000000310001001001000000000030000000000000000000000000000000000000000000

000000000000000000000000000000000000010000030000000303000100303100300100000000000000000000000000000100000001010000000000000000000000000000000000000000

000000000000000000000000000000000000000000030000100330000000000000000000000000001000000000000000010010000000000000000000000000000000000000000000000000

000000000000000000000000000000000000300103300310033003000000001000100000000001000000000000000001001010000000000000000000000000000000000000000000000000

000000000000000000000000000000000010000001000000000303030000000000000100000000000000000000000000000000000000000000000000000000000000000000000000000000

000000000000000000000000000000000000001001003010000003300010031000000000000000000000000000000000000000000000000000000000000000000000000000000000000000

000000000000000000000000000000000000000000010300010000010001000000000000000000000000000000000000000000000000000000000000000000000000000000000000000000

000000000000000000000000000000000000000010010300003000000000000000000000000000000000000000000000000000000000000000000000000000000000000000000000000000

000000000000000000000000000000000000000000000000000000000000000010003100000000000000000000000000000000000000000000000000000000000000000000000000000000

000000000000000000000000000000000000000000000000000000000000000003000000000000000000000000000000000000000000000000000000000000000000000000000000000000

000000000000000000000000000000000000000000000000000000000000000000000000000000000000000000000000000000000000000000000000000000000000000000000000000000

000000000000000000000000000000000000000000000000000000000000000000000000000000000000000000000000000000000000000000000000000000000000000000000000000000

000000000000000000000000000000000000000000000000000000000000000000000000000000000000000000000000000000000000000000000000000000000000000000000000000000

000000000000000000000000000000000000000000000000000000000000000000000000000000000000000000000000000000000000000000000000000000000000000000000000000000

000000000000000000000000000000000000000000000000000000000000000000000000000000000000000000000000000000000000000000000000000000000000000000000000000000

